Start-date,End-date,New-submission,New-comments,New-subscribers,Total-subscribers
2020-01-01,2020-01-08,14,60,306,5667
2020-01-08,2020-01-15,13,83,178,5845
2020-01-15,2020-01-22,15,58,287,6132
2020-01-22,2020-01-29,20,92,188,6320
2020-01-29,2020-02-05,19,76,269,6589
2020-02-05,2020-02-12,12,96,145,6734
2020-02-12,2020-02-19,14,49,240,6974
2020-02-19,2020-02-26,14,66,150,7124
2020-02-26,2020-03-01,9,30,226,7350
2020-03-01,2020-03-08,15,36,191,7541
2020-03-08,2020-03-15,36,115,259,7800
2020-03-15,2020-03-22,279,1063,347,8147
2020-03-22,2020-03-29,610,2255,300,8447
2020-03-29,2020-04-05,1561,8034,186,8633
2020-04-05,2020-04-12,2280,10000,218,8851
2020-04-12,2020-04-19,4033,10000,275,9126
2020-04-19,2020-04-26,4383,10000,292,9418
2020-04-26,2020-05-03,5171,10000,76706,86124
2020-05-03,2020-05-10,4770,10000,13,86137
2020-05-10,2020-05-17,4782,10000,7,86144
2020-05-17,2020-05-24,4648,10000,4,86148
2020-05-24,2020-05-31,4302,10000,7,86155
2020-05-31,2020-06-07,3729,10000,3,86158
2020-06-07,2020-06-14,3695,10000,11,86169
2020-06-14,2020-06-21,3145,10000,-1,86168
2020-06-21,2020-06-28,3174,10000,3,86171
2020-06-28,2020-07-05,3017,10000,7,86178
2020-07-05,2020-07-12,3014,10000,6,86184
2020-07-12,2020-07-19,2987,10000,3,86187
2020-07-19,2020-07-26,3303,10000,9,86196
2020-07-26,2020-08-02,3059,10000,7,86203
2020-08-02,2020-08-09,2848,10000,1,86204
2020-08-09,2020-08-16,3173,10000,6,86210
2020-08-16,2020-08-23,2661,10000,2,86212
2020-08-23,2020-08-30,2941,10000,4,86216
2020-08-30,2020-09-06,2637,10000,1,86217
2020-09-06,2020-09-13,3418,10000,9,86226
2020-09-13,2020-09-20,4083,10000,7,86233
2020-09-20,2020-09-27,2885,10000,9,86242
2020-09-27,2020-10-04,2527,10000,7,86249
2020-10-04,2020-10-11,2360,10000,8,86257
2020-10-11,2020-10-18,2293,10000,10,86267
2020-10-18,2020-10-25,2194,10000,7,86274
2020-10-25,2020-11-01,1582,10000,2,86276
2020-11-01,2020-11-08,1285,7250,0,86276
2020-11-08,2020-11-15,1456,7977,10,86286
2020-11-15,2020-11-22,1370,8753,11,86297
2020-11-22,2020-11-29,1282,8621,8,86305
2020-11-29,2020-12-06,1683,10000,10,86315
2020-12-06,2020-12-13,1536,10000,17,86332
2020-12-13,2020-12-20,1498,10000,89,86421
2020-12-20,2020-12-27,2103,10000,25,86446
2020-12-27,2021-01-03,3368,10000,99,86545
2021-01-03,2021-01-10,3969,10000,16,86561
2021-01-10,2021-01-17,5580,10000,22,86583
2021-01-17,2021-01-24,4189,10000,9,86592
2021-01-24,2021-01-31,4062,10000,6,86598
2021-01-31,2021-02-07,4065,10000,9,86607
2021-02-07,2021-02-14,3001,10000,7,86614
2021-02-14,2021-02-21,2933,10000,8,86622
2021-02-21,2021-02-28,2566,10000,5,86627
2021-02-28,2021-03-07,2396,10000,1,86628
2021-03-07,2021-03-14,2654,10000,8,86636
2021-03-14,2021-03-21,2741,10000,10,86646
2021-03-21,2021-03-28,3160,10000,12,86658
2021-03-28,2021-04-04,2857,10000,11,86669
2021-04-04,2021-04-11,2601,10000,14,86683
2021-04-11,2021-04-18,2469,10000,6,86689
2021-04-18,2021-04-25,2551,10000,6,86695
2021-04-25,2021-05-02,2230,10000,8,86703
2021-05-02,2021-05-09,2018,10000,1,86704
2021-05-09,2021-05-16,2033,10000,4,86708
2021-05-16,2021-05-23,1706,10000,6,86714
2021-05-23,2021-05-30,1495,10000,14,86728
2021-05-30,2021-06-06,1490,10000,11,86739
2021-06-06,2021-06-13,1496,10000,5,86744
2021-06-13,2021-06-20,1440,10000,2756,89500
2021-06-20,2021-06-27,1310,10000,2,89502
2021-06-27,2021-07-04,1170,9859,18397,107899
2021-07-04,2021-07-11,1239,9906,-5,107894
2021-07-11,2021-07-18,1116,9017,-7,107887
2021-07-18,2021-07-25,959,8568,-12,107875
2021-07-25,2021-08-01,859,6973,-11,107864
2021-08-01,2021-08-08,898,8066,-23,107841
2021-08-08,2021-08-15,841,7502,-11,107830
2021-08-15,2021-08-22,818,8417,-16,107814
2021-08-22,2021-08-29,862,8108,-11,107803
2021-08-29,2021-09-05,934,8521,-11,107792
2021-09-05,2021-09-12,971,10000,-10,107782
2021-09-12,2021-09-19,690,6806,-3,107779
2021-09-19,2021-09-26,542,4068,-9,107770
2021-09-26,2021-10-03,398,3111,-14,107756
2021-10-03,2021-10-10,385,1427,-12,107744
2021-10-10,2021-10-17,264,1252,-14,107730
2021-10-17,2021-10-24,243,1067,-9,107721
2021-10-24,2021-10-31,224,904,-11,107710
2021-10-31,2021-11-07,219,1012,-4,107706
2021-11-07,2021-11-14,248,1167,-20,107686
2021-11-14,2021-11-21,291,1187,-11,107675
2021-11-21,2021-11-28,41,699,-1,107674
2021-11-28,2021-12-05,0,865,0,107674
2021-12-05,2021-12-12,0,903,0,107674
2021-12-12,2021-12-19,0,1088,0,107674
2021-12-19,2021-12-26,0,685,0,107674
2021-12-26,2022-01-02,0,641,0,107674
2022-01-02,2022-01-09,0,725,0,107674
2022-01-09,2022-01-16,0,805,0,107674
2022-01-16,2022-01-23,0,740,0,107674
2022-01-23,2022-01-30,0,832,0,107674
2022-01-30,2022-02-06,0,794,0,107674
2022-02-06,2022-02-13,0,530,0,107674
2022-02-13,2022-02-20,0,600,0,107674
2022-02-20,2022-02-27,0,604,0,107674
2022-02-27,2022-03-06,0,1378,0,107674
2022-03-06,2022-03-13,0,881,0,107674
2022-03-13,2022-03-20,0,772,0,107674
2022-03-20,2022-03-27,0,587,0,107674
2022-03-27,2022-04-03,0,500,0,107674
2022-04-03,2022-04-10,0,587,0,107674
2022-04-10,2022-04-17,0,712,0,107674
2022-04-17,2022-04-24,0,638,0,107674
2022-04-24,2022-05-01,0,591,0,107674
2022-05-01,2022-05-08,0,556,0,107674
2022-05-08,2022-05-15,0,495,0,107674
2022-05-15,2022-05-22,0,725,0,107674
2022-05-22,2022-05-29,0,568,0,107674
2022-05-29,2022-06-05,0,358,0,107674
2022-06-05,2022-06-12,0,374,0,107674
2022-06-12,2022-06-19,0,395,0,107674
2022-06-19,2022-06-26,0,481,0,107674
2022-06-26,2022-07-03,0,567,0,107674
2022-07-03,2022-07-10,0,387,0,107674
2022-07-10,2022-07-17,0,379,0,107674
2022-07-17,2022-07-24,0,524,0,107674
2022-07-24,2022-07-31,0,402,0,107674
2022-07-31,2022-08-07,0,683,0,107674
2022-08-07,2022-08-14,0,489,0,107674
2022-08-14,2022-08-21,0,489,0,107674
2022-08-21,2022-08-28,0,343,0,107674
2022-08-28,2022-09-04,0,348,0,107674
2022-09-04,2022-09-11,0,358,0,107674
2022-09-11,2022-09-18,0,425,0,107674
2022-09-18,2022-09-25,0,578,0,107674
2022-09-25,2022-10-02,0,380,0,107674
2022-10-02,2022-10-09,0,435,0,107674
2022-10-09,2022-10-16,0,409,0,107674
2022-10-16,2022-10-23,0,248,0,107674
2022-10-23,2022-10-30,0,367,0,107673
2022-10-30,2022-11-06,39,502,23450,131123
2022-11-06,2022-11-13,118,476,1451,132574
2022-11-13,2022-11-20,149,508,1488,134062
2022-11-20,2022-11-27,99,463,1486,135548
2022-11-27,2022-12-04,144,396,1517,137065
2022-12-04,2022-12-11,174,484,1860,138925
2022-12-11,2022-12-18,142,475,761,139686
2022-12-18,2022-12-25,188,530,918,140604
2022-12-25,2023-01-01,81,304,970,141574
2023-01-01,2023-01-08,125,474,1069,142643
2023-01-08,2023-01-15,179,623,1041,143684
2023-01-15,2023-01-22,135,529,1091,144775
2023-01-22,2023-01-29,126,410,1047,145822
2023-01-29,2023-02-05,152,666,1117,146939
2023-02-05,2023-02-12,151,629,2176,149115
2023-02-12,2023-02-19,153,564,1023,150138
2023-02-19,2023-02-26,170,426,1026,151164
2023-02-26,2023-03-05,165,596,897,152061
2023-03-05,2023-03-12,170,531,920,152981
2023-03-12,2023-03-19,165,487,1178,154159
2023-03-19,2023-03-26,181,565,1554,155713
2023-03-26,2023-03-28,47,137,540,156253